%YAML:1.0
probMat1: [ 1.1869686559887120e+03, 6.2970887981099677e+03,
    1.2943755475258342e+04, 1.3606215313514227e+04,
    8.5217767173850370e+03, 7.1859131107841604e+03,
    1.4810413605650735e+03, 7.3943045830014498e+03,
    1.5468931482433582e+04, 1.6179820157805065e+04,
    1.2571266167845059e+04, 1.2173511547644270e+04,
    2.0083652833505266e+03, 7.9985361046865091e+03,
    1.6844261895140458e+04, 1.9329224384928282e+04,
    1.5386850450650543e+04, 1.5758953314178505e+04,
    3.0669277482457378e+03, 1.0678998278841924e+04,
    1.6145359761656911e+04, 1.9199742396695165e+04,
    1.5582827762029850e+04, 1.0702659323071031e+04,
    4.3345331359598240e+03, 1.3656695185955008e+04,
    1.6196778890673415e+04, 1.7660193776600441e+04,
    1.7913168585331794e+04, 1.2505089912972770e+04,
    4.7139083799102100e+03, 1.4147912017354907e+04,
    1.5511502538280431e+04, 1.5999173695109403e+04,
    1.8891102671410106e+04, 1.5593594115646358e+04,
    1.1875914010940685e+03, 6.2969857698977012e+03,
    1.2943520872490251e+04, 1.3605994585035716e+04,
    8.5216673679427404e+03, 7.1856700000635101e+03,
    1.4812119506827055e+03, 7.3941518799317173e+03,
    1.5469003520240782e+04, 1.6179521443399906e+04,
    1.2570997980839404e+04, 1.2172810907080184e+04,
    2.0087069017465483e+03, 7.9985994033501574e+03,
    1.6843733818608860e+04, 1.9329294230413318e+04,
    1.5386633242929924e+04, 1.5758510671407565e+04,
    3.0669836601220281e+03, 1.0679397008321504e+04,
    1.6145340881337595e+04, 1.9199494320792586e+04,
    1.5582465795134212e+04, 1.0702210962890782e+04,
    4.3346504434859417e+03, 1.3656735480314446e+04,
    1.6196980025165127e+04, 1.7660230764704669e+04,
    1.7912730737196664e+04, 1.2505194464450709e+04,
    4.7133092450204877e+03, 1.4147240978874082e+04,
    1.5511471574780866e+04, 1.5999060060145766e+04,
    1.8891014504817813e+04, 1.5593675844676129e+04,
    1.1874607600154338e+03, 6.2970425770520251e+03,
    1.2943790736811123e+04, 1.3605842619027242e+04,
    8.5214304480468782e+03, 7.1856527509989901e+03,
    1.4814271802904748e+03, 7.3944550463730457e+03,
    1.5468720598937718e+04, 1.6179722041304180e+04,
    1.2570534834637370e+04, 1.2172769581411845e+04,
    2.0081626011347189e+03, 7.9989767087057207e+03,
    1.6844151810743671e+04, 1.9329676173131724e+04,
    1.5386586980367183e+04, 1.5759296734988804e+04,
    3.0662601856191445e+03, 1.0679313746867434e+04,
    1.6145874216030303e+04, 1.9199766041883824e+04,
    1.5582576431575249e+04, 1.0703112285503787e+04,
    4.3341059441936413e+03, 1.3656453639938705e+04,
    1.6196321578800789e+04, 1.7659617811175674e+04,
    1.7912745789021636e+04, 1.2505216972882867e+04,
    4.7134709066957748e+03, 1.4147595487759905e+04,
    1.5511604198209810e+04, 1.5998618183952025e+04,
    1.8891383939745054e+04, 1.5594113369934295e+04,
    1.1869113451350638e+03, 6.2971889394881455e+03,
    1.2944512681546392e+04, 1.3605980433976159e+04,
    8.5213559902454654e+03, 7.1861771985548767e+03,
    1.4812028295925318e+03, 7.3939996263621479e+03,
    1.5468642404080492e+04, 1.6180035371637510e+04,
    1.2570761530412541e+04, 1.2173324145855495e+04,
    2.0089679637512972e+03, 7.9984666616436534e+03,
    1.6843910844607803e+04, 1.9329265849319447e+04,
    1.5386626280614279e+04, 1.5758647940091554e+04,
    3.0666473430492601e+03, 1.0679129330678052e+04,
    1.6145649543498477e+04, 1.9199752225264067e+04,
    1.5582875770678063e+04, 1.0702973088736198e+04,
    4.3340541748937139e+03, 1.3656697209902433e+04,
    1.6196521946853254e+04, 1.7659654081871413e+04,
    1.7912615136135752e+04, 1.2505415980585043e+04,
    4.7136271585412778e+03, 1.4147647964019377e+04,
    1.5511926678011296e+04, 1.5998746520819459e+04,
    1.8891324802584164e+04, 1.5593352892618195e+04,
    1.1870648151870917e+03, 6.2971600053074089e+03,
    1.2944386476589953e+04, 1.3605246165852992e+04,
    8.5217245413168494e+03, 7.1854803156705093e+03,
    1.4813708266888186e+03, 7.3943543913918884e+03,
    1.5469366327199161e+04, 1.6179837624844702e+04,
    1.2570534526809648e+04, 1.2173330816802682e+04,
    2.0087910934577603e+03, 7.9986865090528245e+03,
    1.6843630444622657e+04, 1.9329481840650362e+04,
    1.5387334862668986e+04, 1.5759494733688070e+04,
    3.0666070481933980e+03, 1.0679318223519449e+04,
    1.6145605067963081e+04, 1.9199237506246518e+04,
    1.5582590673125833e+04, 1.0702537297484716e+04,
    4.3343211449671981e+03, 1.3656613378087792e+04,
    1.6196841166870081e+04, 1.7659785627045931e+04,
    1.7913181339905281e+04, 1.2505283316330177e+04,
    4.7131851158088994e+03, 1.4147695891268600e+04,
    1.5511515956451520e+04, 1.5998226122359363e+04,
    1.8891843533229465e+04, 1.5593913194418337e+04,
    1.1870486783540616e+03, 6.2974438648226223e+03,
    1.2944316299637900e+04, 1.3605466393375884e+04,
    8.5216218867321659e+03, 7.1861399860652382e+03,
    1.4813771676856466e+03, 7.3939607738241075e+03,
    1.5468439566930763e+04, 1.6179651003251740e+04,
    1.2571328465782053e+04, 1.2172871531871493e+04,
    2.0082347750603303e+03, 7.9989232072389659e+03,
    1.6843641513997281e+04, 1.9329290349758856e+04,
    1.5386561187578469e+04, 1.5759182988864834e+04,
    3.0670031715981872e+03, 1.0679694718368783e+04,
    1.6146117998460375e+04, 1.9198886257485694e+04,
    1.5582135962474993e+04, 1.0702648739308021e+04,
    4.3346888748607635e+03, 1.3656912952976219e+04,
    1.6197103298878292e+04, 1.7659784873414581e+04,
    1.7912601257653241e+04, 1.2505269587342169e+04,
    4.7135844749477856e+03, 1.4147560887508958e+04,
    1.5511471136072054e+04, 1.5998417898090640e+04,
    1.8891043633329249e+04, 1.5593500854253920e+04,
    1.1875612596784993e+03, 6.2974437523686811e+03,
    1.2944462805490712e+04, 1.3605291423174551e+04,
    8.5215965152681965e+03, 7.1862084896927918e+03,
    1.4816757562634500e+03, 7.3941882118959666e+03,
    1.5468606166867197e+04, 1.6179745070297693e+04,
    1.2570470800133020e+04, 1.2173028868383724e+04,
    2.0081804034039169e+03, 7.9987104507582935e+03,
    1.6844569564188772e+04, 1.9329199209152881e+04,
    1.5387354878545260e+04, 1.5758514499562441e+04,
    3.0665240935468150e+03, 1.0679123588673910e+04,
    1.6146034937183789e+04, 1.9199248997212246e+04,
    1.5582876300874417e+04, 1.0702179413161375e+04,
    4.3345226794978989e+03, 1.3656342200922465e+04,
    1.6196304466852098e+04, 1.7659400907769828e+04,
    1.7913071198659982e+04, 1.2505235114147428e+04,
    4.7132507437750337e+03, 1.4147455631093986e+04,
    1.5511228205581880e+04, 1.5999178974558217e+04,
    1.8891924564869176e+04, 1.5593602612807217e+04,
    1.1872784349171486e+03, 6.2973676364772855e+03,
    1.2944383795850099e+04, 1.3606004780186222e+04,
    8.5216637314433392e+03, 7.1855655621502301e+03,
    1.4817142545514705e+03, 7.3948602929532399e+03,
    1.5468908507050721e+04, 1.6179465490497489e+04,
    1.2570470387402986e+04, 1.2173629805984205e+04,
    2.0084790471542010e+03, 7.9986150236800404e+03,
    1.6844505563029030e+04, 1.9329721699382571e+04,
    1.5386755171863117e+04, 1.5758509500195387e+04,
    3.0662036198957044e+03, 1.0679203971135628e+04,
    1.6146051848682060e+04, 1.9198994723842687e+04,
    1.5582489848386980e+04, 1.0702432952327439e+04,
    4.3342382645349171e+03, 1.3656884994319558e+04,
    1.6196320722553059e+04, 1.7659981533951854e+04,
    1.7912888958542524e+04, 1.2505114568074707e+04,
    4.7131477990684089e+03, 1.4147328420373951e+04,
    1.5511715548004009e+04, 1.5998496175545934e+04,
    1.8891273633273933e+04, 1.5594038278982078e+04,
    1.1876094517316303e+03, 6.2973295686232759e+03,
    1.2943772748826425e+04, 1.3605796181107637e+04,
    8.5221476300632276e+03, 7.1859915172633700e+03,
    1.4810138936578785e+03, 7.3947492415777278e+03,
    1.5469122269722524e+04, 1.6179769643271764e+04,
    1.2570946393446828e+04, 1.2173459304251821e+04,
    2.0084833029346855e+03, 7.9987485750988799e+03,
    1.6844272698032029e+04, 1.9329807265386378e+04,
    1.5386912826378235e+04, 1.5759382400594766e+04,
