%YAML:1.0
probMat2: [ 2.6799785063182280e+03, 2.6807100254430406e+03,
    2.6804606983714475e+03, 2.6801905537383063e+03,
    2.6808567298500493e+03, 3.2172325415378473e+03,
    3.2164643882770288e+03, 3.2163546216968134e+03,
    3.2170679510481896e+03, 3.2171728862179189e+03,
    3.6493655983269746e+03, 3.6499946299281619e+03,
    3.6491694699459367e+03, 3.6491695543768474e+03,
    3.6496608913029595e+03, 3.8948048671280044e+03,
    3.8949500392579207e+03, 3.8957670378639227e+03,
    3.8955077215311608e+03, 3.8949996389767180e+03,
    4.2496811345969818e+03, 4.2497355929967798e+03,
    4.2492941031887804e+03, 4.2496365853953521e+03,
    4.2496978337919045e+03, 3.5973490210968712e+03,
    3.5969589753979499e+03, 3.5967590947801918e+03,
    3.5973012994715509e+03, 3.5965025199588827e+03,
    3.5973607886048821e+03, 7.4107155703989402e-02,
    6.7215172139562282e-02, 7.0734872049994246e-01,
    5.9288642955612691e-01, 9.9143784958470516e-01,
    2.6798874808176261e+03, 2.6798997992159711e+03,
    2.6804870928727833e+03, 2.6799983494290500e+03,
    2.6800569482952997e+03, 3.2172442475995085e+03,
    3.2164891949101620e+03, 3.2172421919284425e+03,
    3.2170550774707554e+03, 3.2167935687031459e+03,
    3.6494554141480512e+03, 3.6494387910878249e+03,
    3.6496484566033796e+03, 3.6491727479960427e+03,
    3.6496870604437900e+03, 3.8956218810617133e+03,
    3.8952384429991430e+03, 3.8947989377184781e+03,
    3.8952909121954285e+03, 3.8951522691224523e+03,
    4.2497137190150879e+03, 4.2496676276117123e+03,
    4.2495877090129270e+03, 4.2497577919360247e+03,
    4.2491217154495298e+03, 3.5966002399584222e+03,
    3.5967801540772316e+03, 3.5969006824623184e+03,
    3.5971650637984976e+03, 3.5968313144393296e+03,
    3.5971652134145379e+03, 1.6419675767617148e-01,
    6.0496334247522210e-01, 9.6957144465743161e-01,
    7.9077686732205421e-01, 5.2030876396238279e-01,
    2.6798944077495325e+03, 2.6802791426843760e+03,
    2.6808068730289524e+03, 2.6804155501668793e+03,
    2.6803613202922206e+03, 3.2164480475551572e+03,
    3.2166799857353071e+03, 3.2165776195695398e+03,
    3.2165827094425222e+03, 3.2167208662808371e+03,
    3.6498376407802025e+03, 3.6496409056611337e+03,
    3.6495787123093069e+03, 3.6495458215759609e+03,
    3.6490448293167174e+03, 3.8951130495977191e+03,
    3.8957600600487344e+03, 3.8952695373551319e+03,
    3.8956061479225750e+03, 3.8951046625997401e+03,
    4.2488667819785387e+03, 4.2488886308652927e+03,
    4.2491233876527167e+03, 4.2495888561723023e+03,
    4.2492394518240671e+03, 3.5967656655049623e+03,
    3.5970023693502853e+03, 3.5974823211903977e+03,
    3.5974057005277837e+03, 3.5971876116875474e+03,
    3.5970118936048793e+03, 2.5983228779390094e-01,
    7.9986315257840931e-02, 7.9331671110974467e-01,
    7.8168036918234096e-01, 9.2979498483696721e-01,
    2.6798873653722767e+03, 2.6808230840818505e+03,
    2.6804982800257276e+03, 2.6803479640796941e+03,
    2.6801449888786374e+03, 3.2163603895079032e+03,
    3.2169660362800314e+03, 3.2167382518642153e+03,
    3.2173243598440204e+03, 3.2164250926385612e+03,
    3.6495900251642488e+03, 3.6495368505800543e+03,
    3.6498442252149725e+03, 3.6491005914330708e+03,
    3.6496010774900897e+03, 3.8950798350183682e+03,
    3.8951076078445180e+03, 3.8951847263656523e+03,
    3.8955996872629034e+03, 3.8955500088431650e+03,
    4.2490398461280765e+03, 4.2494209579377693e+03,
    4.2491553667102035e+03, 4.2489550369584085e+03,
    4.2494455072315814e+03, 3.5971758356076580e+03,
    3.5966620825411055e+03, 3.5974295571876837e+03,
    3.5971971565299582e+03, 3.5974692286744075e+03,
    3.5967355572472998e+03, 5.6340685838992099e-01,
    3.2079704074226184e-01, 3.7064029107365770e-01,
    5.9319959515389035e-02, 6.0259800478937009e-01,
    2.6803219024474747e+03, 2.6807181168331736e+03,
    2.6799218947276458e+03, 2.6804767508094010e+03,
    2.6800530627243861e+03, 3.2173248965410057e+03,
    3.2166209994714700e+03, 3.2165404547049293e+03,
    3.2167746042239196e+03, 3.2165468331581542e+03,
    3.6492941060400808e+03, 3.6491364750683751e+03,
    3.6500394873631121e+03, 3.6493735140245008e+03,
    3.6494823013283494e+03, 3.8955004874020374e+03,
    3.8953247946397018e+03, 3.8955514201880210e+03,
    3.8955198669600863e+03, 3.8954284765500702e+03,
    4.2496608002414487e+03, 4.2497819925603599e+03,
    4.2494807732863901e+03, 4.2494739509140691e+03,
    4.2495877080275877e+03, 3.5968679416491041e+03,
    3.5968700236691484e+03, 3.5969642641362561e+03,
    3.5974315504163651e+03, 3.5967118366941259e+03,
    3.5973739479330225e+03, 5.5670735079641798e-01,
    9.8847219207718606e-01, 1.8515958505922908e-01,
    5.4314257369523056e-01, 1.4783549082830338e-01,
    2.6799403319968042e+03, 2.6808082492093963e+03,
    2.6806763044877662e+03, 2.6801263288050031e+03,
    2.6803182674190975e+03, 3.2164336014987020e+03,
    3.2170671729281712e+03, 3.2168305127968088e+03,
    3.2166577644447934e+03, 3.2167767665980173e+03,
    3.6491807641693049e+03, 3.6493321163788823e+03,
    3.6494765430144143e+03, 3.6499787453508579e+03,
    3.6490570445156663e+03, 3.8950586235376391e+03,
    3.8949980549106399e+03, 3.8956975057600498e+03,
    3.8950496001748611e+03, 3.8956782952743010e+03,
    4.2493779376683869e+03, 4.2497724485384442e+03,
    4.2496109699178687e+03, 4.2490169587221371e+03,
    4.2497512956821356e+03, 3.5973444418973932e+03,
    3.5973311240478915e+03, 3.5972963432247170e+03,
    3.5971030494128763e+03, 3.5973193428508503e+03,
    3.5965285505924958e+03, 4.0290964134172985e-01,
    4.8141043655640002e-02, 2.0443425290493028e-01,
    2.7984000895164907e-01, 2.0657802941583935e-02,
    2.6808371884281369e+03, 2.6802625738960414e+03,
    2.6801462695449663e+03, 2.6806011215203835e+03,
    2.6799169461926431e+03, 3.2171584840928808e+03,
    3.2167644557131171e+03, 3.2170380210633484e+03,
    3.2166783611576284e+03, 3.2169638559789128e+03,
    3.6498633859899892e+03, 3.6491730328494341e+03,
    3.6500264682353336e+03, 3.6496812644965139e+03,
    3.6500181542837854e+03, 3.8956347910906329e+03,
    3.8957007843414754e+03, 3.8948138072962024e+03,
    3.8952274718566910e+03, 3.8954425032980939e+03,
    4.2495913269594512e+03, 4.2489896191742355e+03,
    4.2490422255608628e+03, 4.2491432918177943e+03,
    4.2493837668755205e+03, 3.5965556309533104e+03,
    3.5974525634760184e+03, 3.5967676610144526e+03,
    3.5965227676376207e+03, 3.5970084710479687e+03,
    3.5968183051886999e+03, 3.1545959427741338e-01,
    5.8077882257326452e-01, 2.9925120868685245e-01,
    7.4322263651677534e-01, 6.1265844228335586e-01,
    2.6803669331819983e+03, 2.6799580265203622e+03,
    2.6801468050661642e+03, 2.6804950573404203e+03,
    2.6800726831196589e+03, 3.2172064796164523e+03,
    3.2166961968277938e+03, 3.2172039776658530e+03,
    3.2171177253489768e+03, 3.2169333377823750e+03,
    3.6491713374525898e+03, 3.6491101411798336e+03,
    3.6493128832317198e+03, 3.6496876146510367e+03,
    3.6490565573212698e+03, 3.8952707807774054e+03,
    3.8952729983663517e+03, 3.8952151348719485e+03,
    3.8954662060248079e+03, 3.8952562483798970e+03,
    4.2493303339303438e+03, 4.2495533594493663e+03,
    4.2491164390284302e+03, 4.2489986286826661e+03,
    4.2492683188429710e+03, 3.5965925201115142e+03,
    3.5965545594704136e+03, 3.5969711748142554e+03,
    3.5968827555188300e+03, 3.5969768255692734e+03,
    3.5969316807868572e+03, 3.9384746430155237e-01,
    4.4457708273296109e-01, 3.7711198785207795e-01,
    2.2659031172589880e-01, 3.0428937277956369e-01,
    2.6803968500500923e+03, 2.6800836612265339e+03,
    2.6801563462321792e+03, 2.6804640437906346e+03,
    2.6806007228831222e+03, 3.2170891849900909e+03,
    3.2169524284753606e+03, 3.2169723481665096e+03,
    3.2167728689050018e+03, 3.2165311334241669e+03,
    3.6495705677732440e+03, 3.6497066657823780e+03,
    3.6497403837555503e+03, 3.6496547556133919e+03,
    3.6496265572859811e+03, 3.8951027798254504e+03,
    3.8954500785189880e+03, 3.8948174884953619e+03,
