%YAML:1.0
probMat2: [ 1.1869235934389283e+03, 6.2974641093651107e+03,
    1.2944227727839421e+04, 1.3605814456221708e+04,
    8.5224888064669340e+03, 7.1863073116830064e+03,
    1.4808862268427379e+03, 7.3938534251018664e+03,
    1.5469128895422846e+04, 1.6180363048247606e+04,
    1.2570799667428078e+04, 1.2173795935787784e+04,
    2.0081642846020454e+03, 7.9982585068874723e+03,
    1.6844165404312451e+04, 1.9328897787182716e+04,
    1.5386648240823881e+04, 1.5759619281024479e+04,
    3.0666548708951282e+03, 1.0678745126978196e+04,
    1.6146010456423286e+04, 1.9199672780296267e+04,
    1.5582502684915067e+04, 1.0703119725260216e+04,
    4.3345574893598759e+03, 1.3656865227998211e+04,
    1.6196534875779069e+04, 1.7659336082352402e+04,
    1.7913191182786788e+04, 1.2504655673916439e+04,
    4.7139023217997656e+03, 1.4147255043399877e+04,
    1.5511110541431786e+04, 1.5998712114561902e+04,
    1.8891357930227929e+04, 1.5594149921278478e+04,
    1.1868325679383117e+03, 6.2966538831380703e+03,
    1.2944254122340750e+04, 1.3605622251912546e+04,
    8.5216890249120897e+03, 7.1863190177446677e+03,
    1.4809110334758639e+03, 7.3947409953334954e+03,
    1.5469116021845310e+04, 1.6179983730732774e+04,
    1.2570889483249111e+04, 1.2173240096947353e+04,
    2.0086432712594737e+03, 7.9982617005066677e+03,
    1.6844191573453274e+04, 1.9329714801116388e+04,
    1.5386936644565081e+04, 1.5758651180879020e+04,
    3.0664380615593814e+03, 1.0678897757123916e+04,
    1.6146043040841480e+04, 1.9199604814911228e+04,
    1.5582796290739185e+04, 1.0703240931800830e+04,
    4.3339813710175013e+03, 1.3656116446859762e+04,
    1.6196356054458307e+04, 1.7659477670034586e+04,
    1.7913054947113807e+04, 1.2504984468396857e+04,
    4.7137067466094650e+03, 1.4147345133001865e+04,
    1.5511648289602104e+04, 1.5998974337286170e+04,
    1.8891555820665719e+04, 1.5593678792192843e+04,
    1.1868394948702182e+03, 6.2970332266064752e+03,
    1.2944573902496883e+04, 1.3606039452650411e+04,
    8.5219933969091053e+03, 7.1855228177002145e+03,
    1.4811018243010089e+03, 7.3940764229746073e+03,
    1.5468643653817178e+04, 1.6179911028310502e+04,
    1.2571271709881321e+04, 1.2173442211520800e+04,
    2.0085735269654010e+03, 7.9986347740865858e+03,
    1.6843549342326143e+04, 1.9329205969652401e+04,
    1.5387458261614665e+04, 1.5759121780515688e+04,
    3.0667532972865570e+03, 1.0678850150601174e+04,
    1.6145196103804872e+04, 1.9198825818164823e+04,
    1.5582331969378960e+04, 1.0703071996037064e+04,
    4.3340991073920532e+03, 1.3656281872406345e+04,
    1.6196578269731375e+04, 1.7660059308762622e+04,
    1.7913295583843093e+04, 1.2505340765645133e+04,
    4.7135534267997919e+03, 1.4147440768531938e+04,
    1.5511123312574899e+04, 1.5998798082552588e+04,
    1.8891546724167583e+04, 1.5594088278413759e+04,
    1.1868324524929624e+03, 6.2975771680039279e+03,
    1.2944265309493687e+04, 1.3605971866563139e+04,
    8.5217770654955075e+03, 7.1854351596530041e+03,
    1.4813878748457405e+03, 7.3942370552692682e+03,
    1.5469385304218677e+04, 1.6179615254668248e+04,
    1.2571024094265251e+04, 1.2173338156439655e+04,
    2.0088390398710667e+03, 7.9981895439437321e+03,
    1.6844105590499610e+04, 1.9329172755073065e+04,
    1.5386805809410405e+04, 1.5759036969526245e+04,
    3.0667468366268854e+03, 1.0679295496844621e+04,
    1.6145369167954439e+04, 1.9199358145237285e+04,
    1.5582363948436549e+04, 1.0702438176823229e+04,
    4.3343051627995528e+03, 1.3656692042509012e+04,
    1.6196237982922239e+04, 1.7660006544759923e+04,
    1.7913087039845253e+04, 1.2505622382631978e+04,
    4.7132770904421832e+03, 1.4147744343102568e+04,
    1.5511364123300387e+04, 1.5998375406132516e+04,
    1.8890824363757903e+04, 1.5593761081433631e+04,
    1.1872669895681604e+03, 6.2974722007552436e+03,
    1.2943688924195641e+04, 1.3606100653292904e+04,
    8.5216851393411762e+03, 7.1863996666861212e+03,
    1.4810428380371645e+03, 7.3940392581100114e+03,
    1.5468835548598605e+04, 1.6179736995187899e+04,
    1.2570728175141097e+04, 1.2172937780928041e+04,
    2.0090343020191990e+03, 7.9984624665351548e+03,
    1.6843986814337804e+04, 1.9329593407456770e+04,
    1.5387022996205604e+04, 1.5759403663348563e+04,
    3.0666670163240465e+03, 1.0679173964551526e+04,
    1.6145990122067753e+04, 1.9199719179859818e+04,
    1.5582689355012706e+04, 1.0702957090778889e+04,
    4.3344473635955737e+03, 1.3656384148550429e+04,
    1.6196445924050180e+04, 1.7659541251708481e+04,
    1.7913321433731660e+04, 1.2504864990651711e+04,
    4.7139154811279350e+03, 1.4147737643594919e+04,
    1.5512031798451644e+04, 1.5998189925426472e+04,
    1.8891308186372091e+04, 1.5593306318919649e+04,
    1.1868854191174898e+03, 6.2975623331314810e+03,
    1.2944443333955762e+04, 1.3605750231288433e+04,
    8.5219503440359967e+03, 7.1855083716437666e+03,
    1.4814890114938657e+03, 7.3943293162018763e+03,
    1.5468718708819413e+04, 1.6179966928627653e+04,
    1.2570614833270380e+04, 1.2173133422238461e+04,
    2.0084713576705012e+03, 7.9990676978614611e+03,
    1.6843561557525092e+04, 1.9329151543592343e+04,
    1.5386696256476571e+04, 1.5759549748920643e+04,
    3.0661967495388067e+03, 1.0679423783275757e+04,
    1.6145707259494822e+04, 1.9199709635837902e+04,
    1.5582819551644126e+04, 1.0702500098586928e+04,
    4.3346109512501071e+03, 1.3656860648798733e+04,
    1.6196907024428952e+04, 1.7659873330796912e+04,
    1.7912992932728215e+04, 1.2505472496808377e+04,
    4.7130700837873937e+03, 1.4147583845885536e+04,
    1.5511091467303311e+04, 1.5998209200094308e+04,
    1.8891044883807353e+04, 1.5593179141231822e+04,
    1.1877822755488153e+03, 6.2970166578181479e+03,
    1.2943913299012976e+04, 1.3606225024003828e+04,
    8.5215490228094986e+03, 7.1862332542380764e+03,
    1.4811862942788043e+03, 7.3945368244684305e+03,
    1.5468739305532241e+04, 1.6180154018008578e+04,
    1.2571297455091093e+04, 1.2172974338709086e+04,
    2.0090212828914277e+03, 7.9987702170071389e+03,
    1.6844522667293226e+04, 1.9329727711145308e+04,
    1.5387398985907435e+04, 1.5758666050456737e+04,
    3.0663746212206729e+03, 1.0679187991299543e+04,
    1.6145920648785785e+04, 1.9198926806473723e+04,
    1.5582250807287150e+04, 1.0702626431682644e+04,
    4.3342434224434919e+03, 1.3656071837854664e+04,
    1.6197028463857137e+04, 1.7659344648586663e+04,
    1.7912412650952887e+04, 1.2505161625005525e+04,
    4.7133598383836124e+03, 1.4147496395838454e+04,
    1.5511624105082214e+04, 1.5998304017050163e+04,
    1.8891508266434936e+04, 1.5593771141871121e+04,
    1.1873120203026913e+03, 6.2967121104424396e+03,
    1.2943913834534167e+04, 1.3606118959823916e+04,
    8.5217047597364417e+03, 7.1862812497616260e+03,
    1.4811180353934810e+03, 7.3947027810709205e+03,
    1.5469178669723618e+04, 1.6180123499812054e+04,
    1.2570605406553665e+04, 1.2172911447039398e+04,
    2.0083076978878285e+03, 7.9987765671616617e+03,
    1.6843561070330696e+04, 1.9329363700832131e+04,
    1.5386971199932275e+04, 1.5759067378032527e+04,
    3.0666133553887607e+03, 1.0679001736381375e+04,
    1.6145659655756677e+04, 1.9199490546748941e+04,
    1.5582325020754688e+04, 1.0702481768547472e+04,
    4.3341279744109279e+03, 1.3656108727012854e+04,
    1.6196130459851474e+04, 1.7659548162386480e+04,
    1.7912772638834154e+04, 1.2505129979526844e+04,
    4.7134732139817697e+03, 1.4147574783708500e+04,
    1.5511487903342320e+04, 1.5998381877829292e+04,
    1.8890991634110153e+04, 1.5593462772801644e+04,
    1.1873419371707707e+03, 6.2968377451486112e+03,
    1.2943923375700182e+04, 1.3606087946274145e+04,
    8.5222327994998905e+03, 7.1861639551351991e+03,
    1.4813742670410479e+03, 7.3944711515715699e+03,
    1.5468833813279687e+04, 1.6179721295453919e+04,
    1.2571004636874253e+04, 1.2173507971642015e+04,
    2.0087351984116299e+03, 7.9987437081240314e+03,
    1.6844131070295487e+04, 1.9329195699880140e+04,
    1.5387148280084948e+04, 1.5758669731655897e+04,
