%YAML:1.0
probMat1: [ 2.6799385339598393e+03, 7.3555608320557121e+03,
    1.1801084702968423e+04, 1.1316657051757509e+04,
    1.1429688440616106e+04, 3.2168193225738178e+03,
    8.7699665787752456e+03, 1.2465381765239088e+04,
    1.3373581983811024e+04, 1.3620713460502549e+04,
    3.6499537951027464e+03, 9.9144436216995564e+03,
    1.3154112882884761e+04, 1.4089719834307003e+04,
    1.3120380562019074e+04, 3.8951052379592129e+03,
    1.0839965901965628e+04, 1.3307467841459576e+04,
    1.3355042778167821e+04, 1.2664053752247621e+04,
    4.2489866141882949e+03, 9.7001417004403575e+03,
    1.1993988170163570e+04, 1.3975564341770181e+04,
    1.5300189652436460e+04, 3.5972213647004769e+03,
    9.3086630507288173e+03, 1.3353576878376545e+04,
    1.3737169863780220e+04, 1.4563261089374306e+04,
    1.1157538542204216e+04, 7.3282811685131310e-01,
    4.5840242898948602e-01, 9.4974658822163316e-01,
    1.6535806942980646e-01, 3.2787057260417873e-01,
    2.6805612790651958e+03, 7.3554578038435038e+03,
    1.1800850100200332e+04, 1.1316436323278998e+04,
    1.1429579091173926e+04, 3.2165762118531675e+03,
    8.7701371688929357e+03, 1.2465229062169414e+04,
    1.3373654021618224e+04, 1.3620414746097507e+04,
    3.6496856080970770e+03, 9.9137429811354123e+03,
    1.3154454501280812e+04, 1.4089783132970651e+04,
    1.3119852485487476e+04, 3.8951750834442919e+03,
    1.0839748694245067e+04, 1.3307025198688636e+04,
    1.3355098690044140e+04, 1.2664452481727260e+04,
    4.2489677338689789e+03, 9.6998936245377790e+03,
    1.1993626203267990e+04, 1.3975115981589990e+04,
    1.5300306959962578e+04, 3.5972616590599296e+03,
    9.3088641852205874e+03, 1.3353613866480773e+04,
    1.3736732015645148e+04, 1.4563365640852187e+04,
    1.1156939407314494e+04, 6.1789636063291520e-02,
    4.2743892941039008e-01, 8.3611162464884647e-01,
    7.7191477211747073e-02, 4.0959960241317733e-01,
    2.6804306379865611e+03, 7.3555146109978277e+03,
    1.1801119964521204e+04, 1.1316284357270582e+04,
    1.1429342171278064e+04, 3.2165589627886475e+03,
    8.7703523985006468e+03, 1.2465532228610684e+04,
    1.3373371100315044e+04, 1.3620615344001781e+04,
    3.6492224618950727e+03, 9.9137016554670154e+03,
    1.3153910200668983e+04, 1.4090160438326215e+04,
    1.3120270477622287e+04, 3.8955570261627563e+03,
    1.0839702431682268e+04, 1.3307811262269817e+04,
    1.3354375215541228e+04, 1.2664369220273189e+04,
    4.2495010685617008e+03, 9.7001653456290169e+03,
    1.1993736839709085e+04, 1.3976017304202936e+04,
    1.5299762460670307e+04, 3.5969798186841886e+03,
    9.3082057388561916e+03, 1.3353000912951720e+04,
    1.3736747067470120e+04, 1.4563388149284345e+04,
    1.1157101068989810e+04, 4.1629852187647415e-01,
    5.6006235841664598e-01, 3.9423543093457603e-01,
    4.4662640450830871e-01, 8.4712486055080072e-01,
    2.6798812231061911e+03, 7.3556609734339481e+03,
    1.1801841909256473e+04, 1.1316422172219442e+04,
    1.1429267713476593e+04, 3.2170834103445486e+03,
    8.7701280478027620e+03, 1.2465076808599786e+04,
    1.3373292905457876e+04, 1.3620928674335111e+04,
    3.6494491576702289e+03, 9.9142562199107233e+03,
    1.3154715563285532e+04, 1.4089650391264147e+04,
    1.3120029511486535e+04, 3.8951467023504065e+03,
    1.0839741731929422e+04, 1.3307162467372567e+04,
    1.3354762372971343e+04, 1.2664184804083807e+04,
    4.2492763960298898e+03, 9.7001515290092593e+03,
    1.1994036178811783e+04, 1.3975878107435406e+04,
    1.5299710691370408e+04, 3.5972233886479021e+03,
    9.3084061069086565e+03, 1.3353037183647459e+04,
    1.3736616414584178e+04, 1.4563587156986521e+04,
    1.1157257320835226e+04, 4.6877478131501693e-01,
    8.8254215981929662e-01, 5.2257229831189489e-01,
    3.8748924359096643e-01, 8.6647544562186832e-02,
    2.6800346931582189e+03, 7.3556320392531534e+03,
    1.1801715704300033e+04, 1.1315687904096274e+04,
    1.1429636264548035e+04, 3.2163865274601958e+03,
    8.7702960448990198e+03, 1.2465431573629527e+04,
    1.3374016828576545e+04, 1.3620730927542187e+04,
    3.6492221540673504e+03, 9.9142628908579100e+03,
    1.3154538692991966e+04, 1.4089870238673260e+04,
    1.3119749111501273e+04, 3.8953626936813071e+03,
    1.0840450313984071e+04, 1.3308009260969142e+04,
    1.3354722078115452e+04, 1.2664373696925204e+04,
    4.2492319204944642e+03, 9.6996368099917108e+03,
    1.1993751081259668e+04, 1.3975442316183924e+04,
    1.5299977661443863e+04, 3.5971395568332750e+03,
    9.3087253269255416e+03, 1.3353168728821976e+04,
    1.3737182618353707e+04, 1.4563454492731538e+04,
    1.1156815278102906e+04, 5.1670203056032860e-01,
    4.7182060008487692e-01, 2.1738382066478199e-03,
    9.0621988890050909e-01, 6.4694934461589404e-01,
    2.6800185563252035e+03, 7.3559158987684250e+03,
    1.1801645527347981e+04, 1.1315908131619166e+04,
    1.1429533609963293e+04, 3.2170461978548956e+03,
    8.7703023858958477e+03, 1.2465037956061746e+04,
    1.3373090068308205e+04, 1.3620544305949283e+04,
    3.6500160930397701e+03, 9.9138036059267215e+03,
    1.3153982374594565e+04, 1.4090106936859402e+04,
    1.3119760180875897e+04, 3.8951712027898302e+03,
    1.0839676638893554e+04, 1.3307697516145847e+04,
    1.3355118201520299e+04, 1.2664750191774479e+04,
    4.2497448509917731e+03, 9.6992855612308285e+03,
    1.1993296370608712e+04, 1.3975553758007170e+04,
    1.5300345391337400e+04, 3.5974391317217319e+03,
    9.3089874589337524e+03, 1.3353167975190627e+04,
    1.3736602536101725e+04, 1.4563440763743647e+04,
    1.1157214637241763e+04, 3.8169827097174630e-01,
    4.2700022059818737e-01, 1.9394956957267112e-01,
    1.0631998866159469e-01, 2.3460918023931290e-01,
    2.6805311376496556e+03, 7.3559157863144837e+03,
    1.1801792033200734e+04, 1.1315733161417833e+04,
    1.1429508238499324e+04, 3.2171147014824783e+03,
    8.7706009744736220e+03, 1.2465265394133605e+04,
    1.3373256668244581e+04, 1.3620638372995294e+04,
    3.6491584273906933e+03, 9.9139609424388946e+03,
    1.3153928002938181e+04, 1.4089894180378787e+04,
    1.3120688231067446e+04, 3.8950800621838116e+03,
    1.0840470329860345e+04, 1.3307029026843513e+04,
    1.3354639123468898e+04, 1.2664179062079666e+04,
    4.2496617897152601e+03, 9.6996483009574386e+03,
    1.1994036709008136e+04, 1.3975084431860525e+04,
    1.5300179195974535e+04, 3.5968683796679484e+03,
    9.3081886269075003e+03, 1.3352784009545874e+04,
    1.3737072477108466e+04, 1.4563406290548906e+04,
    1.1156880906069040e+04, 2.7644185595048676e-01,
    1.8406973042714864e-01, 9.5502603703878175e-01,
    9.8725152853282705e-01, 3.3636773346754151e-01,
    2.6802483128882759e+03, 7.3558396704230881e+03,
    1.1801713023560180e+04, 1.1316446518429504e+04,
    1.1429575454674525e+04, 3.2164717739398438e+03,
    8.7706394727617007e+03, 1.2465937475190878e+04,
    1.3373559008428105e+04, 1.3620358793195090e+04,
    3.6491580146606589e+03, 9.9145618800394332e+03,
    1.3154226646688436e+04, 1.4089798753300534e+04,
    1.3120624229907646e+04, 3.8956025524135021e+03,
    1.0839870623178202e+04, 1.3307024027476458e+04,
    1.3354318649817787e+04, 1.2664259444541325e+04,
    4.2496787012135310e+03, 9.6993940275878795e+03,
    1.1993650256520757e+04, 1.3975337971026647e+04,
    1.5299894781011553e+04, 3.5974111730650561e+03,
    9.3082048826084610e+03, 1.3353364635727958e+04,
    1.3736890236991067e+04, 1.4563285744476127e+04,
    1.1156777961362415e+04, 1.4923113591467549e-01,
    6.7141215255084086e-01, 2.7222702478628003e-01,
    3.3631993333637711e-01, 7.7203390829825491e-01,
    2.6805793297027722e+03, 7.3558016025690204e+03,
    1.1801101976536505e+04, 1.1316237919350919e+04,
    1.1430059353294355e+04, 3.2168977290530711e+03,
    8.7699391118680796e+03, 1.2465826423815366e+04,
    1.3373772771099908e+04, 1.3620662945969365e+04,
    3.6496340207044864e+03, 9.9143913783070493e+03,
    1.3154230902468920e+04, 1.4089932304719374e+04,
    1.3120391364910645e+04, 3.8956881184173526e+03,
    1.0840028277693262e+04, 1.3307896927875780e+04,
