%YAML:1.0
probMat2: [ 2.6798650104076587e+03, 7.3559905363076114e+03,
    1.1801626479220433e+04, 1.1316121248368530e+04,
    1.1430284327293548e+04, 3.2171760565439959e+03,
    8.7699083689645595e+03, 1.2465044760227789e+04,
    1.3373811447432836e+04, 1.3621089674397865e+04,
    3.6493895350944586e+03, 9.9146113429244942e+03,
    1.3153904599856736e+04, 1.4089540658837581e+04,
    1.3120302077682236e+04, 3.8947934822296502e+03,
    1.0839676993770827e+04, 1.3308046948287378e+04,
    1.3354921665855927e+04, 1.2663940061900135e+04,
    4.2496872706858940e+03, 9.7000509084482983e+03,
    1.1993553495878290e+04, 1.3975944614997537e+04,
    1.5300229548834002e+04, 3.5973842846804946e+03,
    9.3083309014580755e+03, 1.3352730684622464e+04,
    1.3737262491222587e+04, 1.4562715573691954e+04,
    1.1157622427855975e+04, 7.4107155703989402e-02,
    6.7215172139562282e-02, 7.0734872049994246e-01,
    5.9288642955612691e-01, 9.9143784958470516e-01,
    2.6797739849070567e+03, 7.3551803100805710e+03,
    1.1801652873721761e+04, 1.1315929044059310e+04,
    1.1429484545738762e+04, 3.2171877626056717e+03,
    8.7699331755976855e+03, 1.2465932330459360e+04,
    1.3373798573855416e+04, 1.3620710356883092e+04,
    3.6494793509155352e+03, 9.9140555040841791e+03,
    1.3154383586514194e+04, 1.4089543852456776e+04,
    1.3120328246823117e+04, 3.8956104961633519e+03,
    1.0839965397512027e+04, 1.3307078848141919e+04,
    1.3354704856520180e+04, 1.2664092692045855e+04,
    4.2497198551039710e+03, 9.6999829430632017e+03,
    1.1993847101702408e+04, 1.3976065821538210e+04,
    1.5299653430491599e+04, 3.5966355035420456e+03,
    9.3081520801373135e+03, 1.3352872272304649e+04,
    1.3737126255549549e+04, 1.4563044368172372e+04,
    1.1157426852665616e+04, 1.6419675767617148e-01,
    6.0496334247522210e-01, 9.6957144465743161e-01,
    7.9077686732205421e-01, 5.2030876396238279e-01,
    2.6797809118389632e+03, 7.3555596535489758e+03,
    1.1801972653877894e+04, 1.1316346244797118e+04,
    1.1429788917735719e+04, 3.2163915625613204e+03,
    8.7701239664228597e+03, 1.2465267758100472e+04,
    1.3373326205827168e+04, 1.3620637654460761e+04,
    3.6498615775476865e+03, 9.9142576186575097e+03,
    1.3154313842220092e+04, 1.4089916926036694e+04,
    1.3119686015695986e+04, 3.8951016646993648e+03,
    1.0840487014561611e+04, 1.3307549447778587e+04,
    1.3355020092247356e+04, 1.2664045085523114e+04,
    4.2488729180674363e+03, 9.6992039463167966e+03,
    1.1993382780342183e+04, 1.3975896885774502e+04,
    1.5299771166866150e+04, 3.5968009290885857e+03,
    9.3083742954103818e+03, 1.3353453911032684e+04,
    1.3737366892278835e+04, 1.4563400665420590e+04,
    1.1157273532856030e+04, 2.5983228779390094e-01,
    7.9986315257840931e-02, 7.9331671110974467e-01,
    7.8168036918234096e-01, 9.2979498483696721e-01,
    2.6797738694617074e+03, 7.3561035949464867e+03,
    1.1801664060874698e+04, 1.1316278658709962e+04,
    1.1429572586322121e+04, 3.2163039045140517e+03,
    8.7704100169675621e+03, 1.2465428390395133e+04,
    1.3374067856228667e+04, 1.3620341880818507e+04,
    3.6496139619317328e+03, 9.9141535635764230e+03,
    1.3154579355125758e+04, 1.4089471695893782e+04,
    1.3120242263869395e+04, 3.8950684501200139e+03,
    1.0839834562357410e+04, 1.3307464636789085e+04,
    1.3355013631587684e+04, 1.2664490431766561e+04,
    4.2490459822169742e+03, 9.6997362733892587e+03,
    1.1993414759399655e+04, 1.3975263066560550e+04,
    1.5299977222273679e+04, 3.5972110991912668e+03,
    9.3080340086011875e+03, 1.3353401147029985e+04,
    1.3737158348280995e+04, 1.4563682282407435e+04,
    1.1156997196498392e+04, 5.6340685838992099e-01,
    3.2079704074226184e-01, 3.7064029107365770e-01,
    5.9319959515389035e-02, 6.0259800478937009e-01,
    2.6802084065369054e+03, 7.3559986276977443e+03,
    1.1801087675576595e+04, 1.1316407445439669e+04,
    1.1429480660167848e+04, 3.2172684115471689e+03,
    8.7700649801589861e+03, 1.2465230593235876e+04,
    1.3373518100608595e+04, 1.3620463621338100e+04,
    3.6493180428075648e+03, 9.9137531880647512e+03,
    1.3154774617273919e+04, 1.4089744618485205e+04,
    1.3120123487707648e+04, 3.8954891025036904e+03,
    1.0840051749152608e+04, 1.3307831330611461e+04,
    1.3354933811284845e+04, 1.2664368899473466e+04,
    4.2496669363303463e+03, 9.7000973080118492e+03,
    1.1993740165975871e+04, 1.3975781980516269e+04,
    1.5300119423069613e+04, 3.5969032052327129e+03,
    9.3082419497291867e+03, 1.3352935853978543e+04,
    1.3737392742167402e+04, 1.4562924890427168e+04,
    1.1157635587184115e+04, 5.5670735079641798e-01,
    9.8847219207718606e-01, 1.8515958505922908e-01,
    5.4314257369523056e-01, 1.4783549082830338e-01,
    2.6798268360862348e+03, 7.3560887600739816e+03,
    1.1801842085336715e+04, 1.1316057023435256e+04,
    1.1429745864862611e+04, 3.2163771165048579e+03,
    8.7705111536157165e+03, 1.2465520651327741e+04,
    1.3373401260829462e+04, 1.3620693554777912e+04,
    3.6492047009367889e+03, 9.9139488293752293e+03,
    1.3154211672925250e+04, 1.4090349849811570e+04,
    1.3119698230894935e+04, 3.8950472386392776e+03,
    1.0839725009423517e+04, 1.3307977416183483e+04,
    1.3354463544499606e+04, 1.2664618718197697e+04,
    4.2493840737572846e+03, 9.7000877639899336e+03,
    1.1993870362607349e+04, 1.3975324988324308e+04,
    1.5300283010724204e+04, 3.5973797054810020e+03,
    9.3087030501079589e+03, 1.3353267933067033e+04,
    1.3737064241163898e+04, 1.4563532396583892e+04,
    1.1156790189843632e+04, 4.0290964134172985e-01,
    4.8141043655640002e-02, 2.0443425290493028e-01,
    2.7984000895164907e-01, 2.0657802941583935e-02,
    2.6807236925175603e+03, 7.3555430847606485e+03,
    1.1801312050393930e+04, 1.1316531816150651e+04,
    1.1429344543636113e+04, 3.2171019990990367e+03,
    8.7702084364006259e+03, 1.2465728159594295e+04,
    1.3373421857542347e+04, 1.3620880644158837e+04,
    3.6498873227574732e+03, 9.9137897458457956e+03,
    1.3154761598146148e+04, 1.4090052368957247e+04,
    1.3120659340663069e+04, 3.8956234061922860e+03,
    1.0840427738854381e+04, 1.3307093717719636e+04,
    1.3354641416181472e+04, 1.2664382926221482e+04,
    4.2495974630483342e+03, 9.6993049346257540e+03,
    1.1993301618250314e+04, 1.3975451321419965e+04,
    1.5299915481917589e+04, 3.5965908945369192e+03,
    9.3088244895360858e+03, 1.3352739250856783e+04,
    1.3736483959388686e+04, 1.4563221524781040e+04,
    1.1157079944439822e+04, 3.1545959427741338e-01,
    5.8077882257326452e-01, 2.9925120868685245e-01,
    7.4322263651677534e-01, 6.1265844228335586e-01,
    2.6802534372714217e+03, 7.3552385373849402e+03,
    1.1801312585915121e+04, 1.1316425751970681e+04,
    1.1429500280563172e+04, 3.2171499946226154e+03,
    8.7701401775153317e+03, 1.2465894116196785e+04,
    1.3373861221733667e+04, 1.3620850125962314e+04,
    3.6491952742200738e+03, 9.9137268541762242e+03,
    1.3154048013142519e+04, 1.4090058719111770e+04,
    1.3119697743700539e+04, 3.8952593958790512e+03,
    1.0839999952879221e+04, 1.3307495045295367e+04,
    1.3354880150349589e+04, 1.2664196671303314e+04,
    4.2493364700192269e+03, 9.6998686749008557e+03,
    1.1993375831717911e+04, 1.3975306658284851e+04,
    1.5299800033885025e+04, 3.5966277836951231e+03,
    9.3079264855304809e+03, 1.3352942764656542e+04,
    1.3736843947269896e+04, 1.4563189879302301e+04,
    1.1157193320037979e+04, 3.9384746430155237e-01,
    4.4457708273296109e-01, 3.7711198785207795e-01,
    2.2659031172589880e-01, 3.0428937277956369e-01,
    2.6802833541395157e+03, 7.3553641720911701e+03,
    1.1801322127081135e+04, 1.1316394738420910e+04,
    1.1430028320326621e+04, 3.2170326999962467e+03,
    8.7703964091628986e+03, 1.2465662486697434e+04,
    1.3373516365289677e+04, 1.3620447921604120e+04,
    3.6495945045407352e+03, 9.9143233787787249e+03,
    1.3154475513666379e+04, 1.4090025860074082e+04,
    1.3120267743665272e+04, 3.8950913949271035e+03,
    1.0840177033031894e+04, 1.3307097398918795e+04,
