%YAML:1.0
probMat1: [ 2.6798250380490927e+03, 2.6801554578848800e+03,
    2.6798385253671649e+03, 2.6805985053955437e+03,
    2.6800389803832431e+03, 3.2167628375801996e+03,
    3.2164710726757821e+03, 3.2166273459146814e+03,
    3.2167471386443558e+03, 3.2166153348937714e+03,
    3.6499777318702650e+03, 3.6498651496117996e+03,
    3.6493007507444595e+03, 3.6493036458254096e+03,
    3.6497395526991636e+03, 3.8950938530607482e+03,
    3.8952401684110182e+03, 3.8952079159102386e+03,
    3.8956467177555123e+03, 3.8950550904009679e+03,
    4.2489927502771252e+03, 4.2498242697638862e+03,
    4.2498566637903068e+03, 4.2494203164959699e+03,
    4.2496543432708359e+03, 3.5972566282837170e+03,
    3.5972405695807493e+03, 3.5976044090214373e+03,
    3.5974529321757536e+03, 3.5972737774769439e+03,
    3.5975074716746558e+03, 7.3282811685131310e-01,
    4.5840242898948602e-01, 9.4974658822163316e-01,
    1.6535806942980646e-01, 3.2787057260417873e-01,
    2.6804477831544418e+03, 2.6800524296726207e+03,
    2.6796039225990744e+03, 2.6803777769170474e+03,
    2.6799296309410192e+03, 3.2165197268595566e+03,
    3.2166416627934432e+03, 3.2164746428449998e+03,
    3.2168191764515923e+03, 3.2163166204887075e+03,
    3.6497095448646028e+03, 3.6491645090476190e+03,
    3.6496423691404957e+03, 3.6493669444890288e+03,
    3.6492114761675507e+03, 3.8951636985458272e+03,
    3.8950229606904131e+03, 3.8947652731393273e+03,
    3.8957026296318027e+03, 3.8954538198805631e+03,
    4.2489738699577947e+03, 4.2495761938613077e+03,
    4.2494946968947415e+03, 4.2489719563157496e+03,
    4.2497716507969535e+03, 3.5972969226431696e+03,
    3.5974417040725630e+03, 3.5976413971256798e+03,
    3.5970150840406523e+03, 3.5973783289548110e+03,
    3.5969083367849480e+03, 6.1789636063291520e-02,
    4.2743892941039008e-01, 8.3611162464884647e-01,
    7.7191477211747073e-02, 4.0959960241317733e-01,
    2.6803171420758072e+03, 2.6801092368269738e+03,
    2.6798737869199604e+03, 2.6802258109086169e+03,
    2.6796927110451570e+03, 3.2165024777950221e+03,
    3.2168568924011906e+03, 3.2167778092862918e+03,
    3.2165362551483977e+03, 3.2165172183929590e+03,
    3.6492463986625839e+03, 3.6491231833792585e+03,
    3.6490980685286445e+03, 3.6497442498445921e+03,
    3.6496294683023257e+03, 3.8955456412642916e+03,
    3.8949766981276580e+03, 3.8955513367204649e+03,
    3.8949791551289045e+03, 3.8953705584265217e+03,
    4.2495072046505165e+03, 4.2498479149525601e+03,
    4.2496053333358223e+03, 4.2498732789287105e+03,
    4.2492271515046677e+03, 3.5970150822674141e+03,
    3.5967832577081526e+03, 3.5970284435966414e+03,
    3.5970301358656388e+03, 3.5974008373869829e+03,
    3.5970699984602206e+03, 4.1629852187647415e-01,
    5.6006235841664598e-01, 3.9423543093457603e-01,
    4.4662640450830871e-01, 8.4712486055080072e-01,
    2.6797677271954444e+03, 2.6802555992630432e+03,
    2.6805957316552149e+03, 2.6803636258574834e+03,
    2.6796182532437151e+03, 3.2170269253509232e+03,
    3.2166325417032622e+03, 3.2163223892753576e+03,
    3.2164580602912520e+03, 3.2168305487263187e+03,
    3.6494730944377475e+03, 3.6496777478229374e+03,
    3.6499034311452156e+03, 3.6492342027825248e+03,
    3.6493885021665806e+03, 3.8951353174519418e+03,
    3.8950159983747681e+03, 3.8949025418232586e+03,
    3.8953663125590201e+03, 3.8951861422371103e+03,
    4.2492825321187056e+03, 4.2498340983327880e+03,
    4.2499046724385489e+03, 4.2497340821611660e+03,
    4.2491753822047403e+03, 3.5972586522311422e+03,
    3.5969836257605884e+03, 3.5970647142923945e+03,
    3.5968994829796966e+03, 3.5975998450891302e+03,
    3.5972262503057091e+03, 4.6877478131501693e-01,
    8.8254215981929662e-01, 5.2257229831189489e-01,
    3.8748924359096643e-01, 8.6647544562186832e-02,
    2.6799211972474577e+03, 2.6802266650822921e+03,
    2.6804695266988338e+03, 2.6796293577343231e+03,
    2.6799868043151500e+03, 3.2163300424665849e+03,
    3.2168005387995418e+03, 3.2166771543051491e+03,
    3.2171819834099060e+03, 3.2166328019334160e+03,
    3.6492460908348617e+03, 3.6496844187701240e+03,
    3.6497265608516859e+03, 3.6494540501916813e+03,
    3.6491081021813038e+03, 3.8953513087828424e+03,
    3.8957245804294607e+03, 3.8957493354198332e+03,
    3.8953260177031725e+03, 3.8953750350785367e+03,
    4.2492380565832946e+03, 4.2493193793152395e+03,
    4.2496195748864202e+03, 4.2492982909097127e+03,
    4.2494423522782099e+03, 3.5971748204165151e+03,
    3.5973028457774444e+03, 3.5971962594668539e+03,
    3.5974656867492549e+03, 3.5974671808342055e+03,
    3.5967842075733597e+03, 5.1670203056032860e-01,
    4.7182060008487692e-01, 2.1738382066478199e-03,
    9.0621988890050909e-01, 6.4694934461589404e-01,
    2.6799050604144495e+03, 2.6805105245975201e+03,
    2.6803993497467518e+03, 2.6798495852572005e+03,
    2.6798841497304156e+03, 3.2169897128612702e+03,
    3.2168068797963697e+03, 3.2162835367373536e+03,
    3.2162552231415448e+03, 3.2164461803404829e+03,
    3.6500400298072886e+03, 3.6492251338389574e+03,
    3.6491702424542632e+03, 3.6496907483778155e+03,
    3.6491191715559285e+03, 3.8951598178913509e+03,
    3.8949509053389293e+03, 3.8954375905965671e+03,
    3.8957221411079618e+03, 3.8957515299278120e+03,
    4.2497509870805889e+03, 4.2489681305543718e+03,
    4.2491648642354785e+03, 4.2494097327329591e+03,
    4.2498100821718044e+03, 3.5974743953049719e+03,
    3.5975649777856697e+03, 3.5971955058355043e+03,
    3.5968856044972881e+03, 3.5974534518462997e+03,
    3.5971835667122168e+03, 3.8169827097174630e-01,
    4.2700022059818737e-01, 1.9394956957267112e-01,
    1.0631998866159469e-01, 2.3460918023931290e-01,
    2.6804176417388871e+03, 2.6805104121435788e+03,
    2.6805458555995128e+03, 2.6796746150559038e+03,
    2.6798587782664390e+03, 3.2170582164888528e+03,
    3.2171054683741659e+03, 3.2165109748092054e+03,
    3.2164218230779425e+03, 3.2165402473864797e+03,
    3.6491823641582046e+03, 3.6493824703511450e+03,
    3.6491158707978498e+03, 3.6494779918971576e+03,
    3.6500472217475067e+03, 3.8950686772853469e+03,
    3.8957445963057498e+03, 3.8947691012942041e+03,
    3.8952430630565750e+03, 3.8951804002329545e+03,
    4.2496679258040758e+03, 4.2493308702809672e+03,
    4.2499052026349027e+03, 4.2489404065863282e+03,
    4.2496438868089108e+03, 3.5969036432511884e+03,
    3.5967661457594468e+03, 3.5968115401908099e+03,
    3.5973555455040141e+03, 3.5974189786515444e+03,
    3.5968498355394649e+03, 2.7644185595048676e-01,
    1.8406973042714864e-01, 9.5502603703878175e-01,
    9.8725152853282705e-01, 3.3636773346754151e-01,
    2.6801348169775220e+03, 2.6804342962522123e+03,
    2.6804668459589802e+03, 2.6803879720675604e+03,
    2.6799259944416108e+03, 3.2164152889462257e+03,
    3.2171439666622082e+03, 3.2171830558665006e+03,
    3.2167241632614878e+03, 3.2162606675862608e+03,
    3.6491819514281701e+03, 3.6499834079516763e+03,
    3.6494145145481266e+03, 3.6493825648189190e+03,
    3.6499832205877351e+03, 3.8955911675150373e+03,
    3.8951448896235479e+03, 3.8947641019271496e+03,
    3.8949225894054935e+03, 3.8952607826946578e+03,
    4.2496848373023613e+03, 4.2490765969114082e+03,
    4.2495187501475093e+03, 4.2491939457523922e+03,
    4.2493594718459144e+03, 3.5974464366482962e+03,
    3.5967824014604221e+03, 3.5973921663728643e+03,
    3.5971733053865855e+03, 3.5972984325787647e+03,
    3.5967468908328401e+03, 1.4923113591467549e-01,
    6.7141215255084086e-01, 2.7222702478628003e-01,
    3.3631993333637711e-01, 7.7203390829825491e-01,
    2.6804658337920182e+03, 2.6803962283981809e+03,
    2.6798557989352548e+03, 2.6801793729889969e+03,
    2.6804098930614919e+03, 3.2168412440594457e+03,
    3.2164436057686089e+03, 3.2170720044909376e+03,
    3.2169379259332691e+03, 3.2165648203605579e+03,
    3.6496579574720049e+03, 3.6498129062193216e+03,
    3.6494187703286184e+03, 3.6495161162377658e+03,
    3.6497503555907347e+03, 3.8956767335188879e+03,
    3.8953025441386226e+03, 3.8956370023264708e+03,
